0,857,10135,11297,2673,1958,9872,10091,6002,3240,6070,6450,9564,4886,3684,152,289,3619,9526,4760,10583,6800,9206,7649,6820,10114,2828,2975,10717,4316,2384,7785,8619,1803,5157,3108,1792,3234,2158,1544,8660,6489,4390,6300,3497,1136,8852,6296,10893,3623,366,7465,1797,5438,4367,11391,6678,8795,175,9690,10746,6944,10086,7525,5761,7008,4619,3115,5629,5695,7047,6453,1513,3698,10395,750,1766,9465,11999,10858,11310,2406,8595,8183,7103,5862,1124,2986,683,3161,7200,8151,9052,746,5170,4510,6946,9409,6886,3151,273,3091,419,11781,8884,10569,7031,1495,5403,1150,4642,6958,11294,3787,6164,6540,6175,6519,3294,11249,10739,5067,9926,5682,3456,6271,5994,2207,8957,5765,5915,4358,9877,6433,6224,10330,4118,10860,5472,10762,4908,1146,10591,5442,4822,1106,1037,12004,4982,2086,6665,8750,7006,9345,3011,84,733,700,2477,3220
857,0,10217,10025,3346,4875,7993,10513,4065,7713,11752,5393,10040,2017,5775,2558,5895,1198,4996,678,10955,3295,8893,11829,4048,2886,958,6975,10671,8516,4309,3866,12258,6190,7433,4499,6567,1292,278,7989,10572,8172,1785,6698,3831,514,10653,8063,10562,183,10009,8818,4699,9018,7381,12029,7486,5951,1665,9268,10587,10295,10106,8000,6616,10652,6131,3802,6157,6428,10599,10505,10259,1655,11986,1767,2958,5237,11025,3928,10961,5861,8360,7895,1807,11745,3656,12074,7002,9919,6615,9711,11344,3329,4698,5732,1380,11529,4609,6315,351,2408,2489,9347,9142,10153,10529,287,6967,158,7398,11248,3280,3404,12,12261,5832,10192,6965,11300,8388,5525,6414,5092,5184,10216,10484,1315,4314,6956,5968,6548,5561,7127,7428,12410,574,7307,12262,9902,7046,4143,7074,3827,7984,4506,5880,11120,5712,3934,2625,3447,4406,2326,2155,1393,7872,6575,6267,1522
10135,10217,0,9721,9642,9617,410,42,9649,4399,10545,3499,7153,10538,4016,296,4805,3528,654,6268,4799,10449,111,2909,4487,5283,11977,503,7269,3580,2868,10834,11959,1271,10423,10318,2694,11702,10283,554,3444,3513,7126,11692,1612,3690,5218,9567,10721,6087,4320,826,6377,9312,12114,9666,2252,4242,7233,129,8959,3990,8569,11222,2701,11429,11706,4889,5051,8195,200,243,8430,10828,106,11834,11818,3527,7261,12056,9397,9433,929,9924,4437,3503,11207,1324,6521,8909,12057,11860,6198,10584,12689,951,5270,7592,10758,7471,9442,7765,5771,4868,473,5441,9778,8284,5109,1089,3422,9855,2121,5377,12406,8710,7835,2398,3043,8006,10559,8226,6663,775,9966,11407,798,2333,3876,2946,5826,8746,4687,4445,5347,10329,11675,8576,6484,11008,5816,836,8481,8724,253,10822,9540,10972,9742,3957,5838,6336,10752,10200,2265,3587,3319,7945,9988,6353
11297,10025,9721,0,4178,2152,2275,7810,11824,3849,10046,3144,586,10221,5106,8762,8486,3515,8598,7671,2291,9081,1348,8337,6585,6034,4884,5991,4770,14,5197,9451,9095,9892,926,2667,4786,3942,2339,7021,2323,7721,12215,4388,8123,10588,1423,8706,1331,1384,5301,7348,6135,617,12562,10328,1282,7101,10440,9598,392,8590,9581,10854,7164,6147,7813,5854,5275,4747,5579,9634,7108,1714,11299,8815,11262,5855,1125,11403,1692,3135,6968,301,130,6105,4990,12483,11633,11133,1396,4528,9590,10319,5807,2963,6442,3040,252,7814,8525,4092,4419,8997,5081,3662,3467,3317,7588,1643,12670,8478,2407,95,4029,3900,4068,2873,1322,1062,5558,4154,6411,11583,965,9807,9448,1568,1189,7724,5827,343,3064,6068,3740,7447,7773,10705,8952,4936,3997,7094,142,3840,3837,4734,5620,3653,8767,3677,11151,7518,10567,10385,8572,11724,10844,6178,9371,4728
2673,3346,9642,4178,0,6772,8251,9233,10824,8423,10890,9406,3633,7750,5413,5182,3002,999,8829,8048,5901,6028,723,12115,6130,380,3079,11349,7866,4690,3734,10864,3964,9187,3728,8001,2377,5070,386,1772,5023,11642,6020,6755,1065,8305,7337,9071,2134,107,2572,3334,3701,2745,12288,2728,7612,8247,4553,11230,9920,11722,9578,12276,3803,7027,1707,2027,8728,913,3505,2237,573,1723,7679,2231,7809,1186,10933,12700,8511,2798,6626,1101,8237,9669,1570,7806,11847,6893,7734,2937,4731,1843,5482,8204,6351,3892,3616,9398,1437,4913,1874,9683,10556,4876,1039,1822,7682,659,10263,7174,4233,3427,4531,11925,7656,6649,657,7405,5279,6516,10453,11720,163,10863,3464,3953,6233,6302,7778,5320,5297,2753,6558,9102,6102,11707,11225,5801,7759,4994,4271,5245,10105,1646,7646,2172,9162,4364,12310,5484,8053,10019,1976,5583,4371,57,6858,4188
1958,4875,9617,2152,6772,0,4679,7244,3146,862,10079,5757,7960,1611,4970,3666,505,5888,8867,3944,328,6324,7024,7167,1079,1836,2577,436,795,161,1561,7746,12254,879,1746,167,4264,3757,2780,5934,6003,3157,5054,6040,9756,2842,8015,2735,2399,2245,5634,6205,5394,3282,6764,12088,4790,9341,8646,9967,2947,4525,12219,8126,4520,7733,9573,1002,495,4500,6986,4443,11281,119,11389,8488,6971,8725,7273,4759,12395,3612,11320,2349,3036,1504,3414,9516,7343,4979,6641,7962,7540,11127,813,1193,3547,6361,245,9334,4851,4490,249,11427,9517,2954,7443,2548,7187,3042,12627,2332,6285,367,5926,4192,4712,2562,2827,10113,12191,2544,2961,9816,2666,9306,10407,728,4138,345,535,6603,8838,2215,2411,4256,4018,6432,4991,1293,388,7109,4808,6507,9852,1881,5936,10850,5212,3736,2330,9307,7587,4071,9914,1060,9199,6998,10602,1123
9872,7993,410,2275,8251,4679,0,4,9998,3686,6312,5887,3793,8584,429,1851,3437,6686,275,4618,2459,1644,1962,305,1914,6624,11732,238,2631,3083,730,5057,11687,9076,1131,3531,645,9595,9277,584,4109,963,7032,7431,1121,3031,7170,6448,5731,1887,6983,478,8992,4133,10195,8192,7990,2571,4959,45,3099,4984,8951,5763,1456,11369,7740,2369,5462,3249,2500,1128,10441,9936,333,8886,12224,1630,2344,5873,3126,3173,4656,7451,2659,4291,8578,7199,8580,8257,3875,6669,4412,11060,10654,2608,2740,2130,8165,8254,4706,8124,4466,4149,304,2105,6290,5705,1817,2733,10074,12568,1831,1895,9654,7589,9782,689,825,2970,1747,6798,99,4627,3821,9705,3367,1379,849,1995,5646,6000,1226,5554,560,7147,11856,4830,5185,5447,63,5830,2863,9210,756,9381,11446,10312,1411,2213,2208,4583,7210,2751,2087,9027,2949,8203,9568,2916
10091,10513,42,7810,9233,7244,4,0,9947,1633,11459,8215,6977,8485,2343,641,7458,5551,261,5902,2775,8956,623,1648,652,9701,12070,602,9663,5840,87,7882,12229,5113,3748,10280,4000,10973,11637,138,4738,4244,9456,10944,7831,5513,7106,9404,11356,3578,6235,1222,7828,11100,4777,11302,6051,5842,8175,3,5615,7658,11599,7313,7044,12331,9660,8447,2588,10149,2244,621,8872,11616,595,10669,12071,3526,7075,6830,6709,7229,2012,9945,6571,10367,11577,1034,9466,11799,11208,12148,8401,12432,12030,2427,7535,4431,11664,9986,2761,8850,6891,5782,363,9702,9285,10775,1808,1657,6545,12255,3177,8164,12422,9365,10914,1575,2499,4032,8414,10041,4298,2303,9399,11163,272,2702,615,4113,8519,7669,5963,8069,1448,7386,12019,6703,8092,10268,3355,4832,6533,10392,462,12268,12266,11980,2259,3519,1382,5138,11769,4106,7479,6926,6263,4925,12284,5611
6002,4065,9649,11824,10824,3146,9998,9947,0,206,10002,1778,6225,402,491,8319,2797,9508,3106,2008,7163,2664,11058,11524,2978,1573,7456,5183,5131,6106,5295,12453,12184,2051,8059,3190,4148,4948,4545,11258,12285,8754,1520,6612,11560,827,8437,1096,12013,10999,10387,11770,7497,10375,3796,12161,3004,4157,10021,11113,8666,8987,10892,407,6658,11503,7056,766,1278,3758,9432,2363,10196,9331,7207,6389,1572,6084,1560,8371,12577,3558,7675,6334,3035,9577,5042,10020,5477,781,11943,12101,12672,11638,8009,7668,9694,4187,7753,10250,8723,6633,9468,11461,7576,4987,4541,10674,9594,2540,10231,6197,12431,9219,8801,11010,9572,11558,9123,5604,12152,4950,4279,9546,11020,5608,12210,9173,7653,1943,11048,10659,7987,1361,11377,11957,815,8564,5032,5871,3766,10501,10710,2616,7996,237,3703,12687,6699,2372,3410,8671,4075,6140,5752,3286,9813,7802,11941,1030
3240,7713,4399,3849,8423,862,3686,1633,206,0,3559,3961,1706,2120,404,3382,1139,8390,1141,785,1405,6449,3620,4095,4456,5391,7364,471,3056,1016,1023,10322,8140,359,319,5498,4764,4532,4969,5718,9090,4544,6536,6508,9344,2358,754,3729,5440,5356,2082,11154,3214,4100,930,10985,1640,3918,4076,3676,1954,4326,9038,2907,5911,4864,1686,3598,946,4703,1884,247,2685,6248,4236,1176,6806,1965,344,5303,10234,499,8242,2994,578,6257,5921,2604,3769,829,10163,11513,11358,7460,7942,1055,3080,1841,6114,9420,3223,4796,5021,5080,72,3371,4831,6749,1091,672,10920,1223,9930,7630,9739,3879,10590,3872,2705,2267,8499,3644,5383,8039,6608,1967,8404,2884,4040,2412,2917,5198,7918,2833,7906,3185,1182,10926,3277,8097,2239,6022,8995,74,607,792,6906,9322,4286,483,1594,5248,7767,6539,3659,2392,7772,4612,11481,144
6070,11752,10545,10046,10890,10079,6312,11459,10002,3559,0,7991,11439,11693,4791,7234,4056,12015,4863,6748,10090,10303,11510,5848,11555,9558,7025,9472,2280,6360,11887,9049,1169,6972,3588,10932,8804,9320,10289,9692,12658,11047,6795,10417,939,8612,10155,8903,11140,9521,1789,3602,1571,6629,12368,4737,10541,5037,1133,8976,7607,3458,8658,7560,10081,10073,5421,2281,12235,5235,11354,9230,9416,12566,5541,8147,9428,3894,4902,12162,11042,3048,12548,8010,9444,4009,9880,6335,9261,887,10998,10664,11695,5769,9857,3860,10278,7387,11775,8705,11814,10255,11108,12052,3723,4462,5742,5607,3459,10235,12063,8667,12649,11582,11239,9641,9656,8425,4088,7891,779,11797,10772,11570,5982,911,11257,8111,8538,4006,8347,11811,7356,5973,12083,9514,8613,8184,6785,7801,1804,7368,11896,1578,4060,2888,4850,7779,12166,3607,11188,12381,9134,11969,3574,6515,276,7415,9278,1151
6450,5393,3499,3144,9406,5757,5887,8215,1778,3961,7991,0,6790,6435,232,2177,2178,3320,7072,1975,3647,8498,3781,8480,1779,8121,3263,2357,8018,738,7502,11328,5958,4650,3923,603,2149,973,2650,5811,8389,780,1794,194,5120,2860,3354,2575,9645,7180,7228,6274,1652,5839,10716,7112,1796,412,4890,5946,1876,6375,5013,601,1075,8358,5805,3321,6739,2852,9116,6565,10053,5174,8716,9529,597,8262,334,10214,1613,6304,2289,118,240,7009,1040,9917,487,6451,2129,5381,8787,9101,8064,1272,8603,9484,6402,1281,7616,18,4692,10388,3063,4079,4934,2230,1824,2420,2931,6775,8194,2331,4489,1295,3389,10835,3631,2176,5662,1251,3573,3730,6673,3951,10978,3201,189,1595,8668,506,2078,718,10199,10048,662,3119,1839,2328,3418,3375,70,5006,2550,1311,1279,12307,7070,852,5691,1913,2610,9356,2229,6229,6455,3501,2793,5540
9564,10040,7153,586,3633,7960,3793,6977,6225,1706,11439,6790,0,12163,3361,9601,4177,3457,3057,5217,3435,2264,2257,8577,8900,3342,10550,7761,10344,920,4299,12364,8263,9003,3890,9159,1233,4750,1294,7399,7090,8520,11928,8378,6691,4096,260,7615,2059,4797,1821,11161,6343,841,12041,9697,316,9665,10789,8524,1728,9845,8711,9283,3695,9394,4007,5748,2715,1835,231,3123,248,5145,1461,6895,9181,5425,4312,12539,10866,2620,1999,5370,2253,5588,8286,11523,12123,7079,5188,8701,12583,10458,12492,11678,3520,739,1939,1720,10279,11409,3982,5990,2707,4858,2209,6914,10836,123,10643,10036,3070,2116,11624,2820,2378,5609,5865,2606,10034,1645,6384,10162,2510,10714,7757,6671,3595,11392,11147,5520,2565,7794,1780,12341,9951,11983,5488,11564,4709,9605,5829,1154,658,3175,5581,8599,5103,5624,12104,10959,11339,9833,3911,12149,10032,8918,3393,9335
4886,2017,10538,10221,7750,1611,8584,8485,402,2120,11693,6435,12163,0,682,5153,7708,4047,8034,8718,7317,7503,9205,11858,1849,3506,9825,4812,3761,8399,5530,10284,12707,6928,4685,3786,7934,7638,9904,11288,11924,10843,3052,4673,11266,6832,12249,4589,12105,6053,12388,9382,11408,10490,10433,12361,7474,9767,9492,10381,7839,11075,11805,2049,10005,8904,6208,2217,853,8107,11046,8127,12515,6112,12263,2869,10922,6176,8241,10648,11853,7312,11991,3705,3075,10442,3162,10743,9056,7335,12427,10927,11721,10368,2276,1777,11808,6474,8563,12626,313,1515,4003,12393,9338,10414,9172,8465,4293,2021,12655,6584,12507,5702,1231,12631,11749,8933,8943,5703,11875,11963,3873,12355,11739,12111,11043,8342,9935,626,11402,8070,9637,2405,7257,3874,3579,8225,11901,8581,7830,5007,9772,4339,10487,1935,9800,12695,11779,8110,2439,9499,1342,11474,8880,1436,10448,4427,12653,122
3684,5775,4016,5106,5413,4970,429,2343,491,404,4791,232,3361,682,0,1290,751,4727,869,3880,3101,1742,5033,1112,4081,6910,10555,349,4415,4783,4384,10551,9630,7001,923,365,281,2240,5190,5151,9120,340,3614,131,4568,1649,5941,1048,6036,4383,7418,5289,7492,1160,8050,2957,4953,1035,758,1592,950,7016,2982,224,479,3518,452,711,4986,219,3209,547,8130,8869,2201,441,5548,1832,60,10667,1107,653,6835,1314,567,7688,1945,6707,665,724,5398,3102,9030,3691,7439,2418,5643,704,9686,8087,770,195,2514,5647,735,1130,2819,5312,209,1391,6855,8792,10631,5256,6645,4866,11365,5232,2484,872,4231,1323,69,11033,5069,2432,7925,5087,2509,1412,9550,4284,1027,321,4324,3742,2727,5724,466,2166,935,4107,1702,2730,1842,124,6281,12221,4839,1307,1904,1682,1732,9688,736,6924,2755,3707,4387,1468
152,2558,296,8762,5182,3666,1851,641,8319,3382,7234,2177,9601,5153,1290,0,1602,843,542,5986,6035,8783,3718,878,4064,8982,5094,233,7499,5316,1530,7504,11820,201,7182,3933,4714,3502,6579,44,4252,553,6410,3674,4424,157,2271,2874,11327,2460,639,1402,1514,6280,5628,9035,2624,6763,125,58,3959,3296,7896,9608,1990,8219,7459,2551,2552,5489,1983,3431,5747,7149,5077,3025,4465,4512,7272,11301,7003,4280,5072,7983,3681,5857,5677,765,85,9684,10614,9318,8327,1608,9570,61,8307,7017,11495,1711,277,254,377,7659,4285,6574,4787,2570,2590,1149,526,10485,5527,5878,10095,4604,7430,280,222,7936,6962,3733,7224,924,6987,6778,989,1400,2262,1885,7141,3835,7040,4762,2495,7124,9024,4567,5168,7947,2923,309,6700,7706,558,7582,1170,11021,6333,2126,957,3943,8692,9932,4606,663,1259,1959,2216,6863
289,5895,4805,8486,3002,505,3437,7458,2797,1139,4056,2178,4177,7708,751,1602,0,4981,7498,5596,581,7064,8400,3864,4098,4798,8205,816,6118,934,561,4434,4031,484,508,1302,1043,966,1274,5427,3504,476,1656,3648,490,891,6681,4898,2370,2524,908,5819,1932,4663,5799,6786,6167,3697,1840,9292,7585,7897,7752,6980,108,5617,2749,609,2656,310,596,393,6073,767,4310,7238,2425,7690,6661,9812,11587,215,9832,6041,5412,2113,545,7729,2035,160,2717,667,2179,5505,11005,1245,3454,6163,6874,2194,5759,4311,390,10347,4037,2795,7336,265,2218,2025,9351,4485,8689,3804,9600,5036,5773,6991,1928,7634,5026,861,1847,6630,3743,4888,11743,3032,5278,1326,1362,7092,5337,1247,2310,8088,1576,8073,1019,2896,51,9544,3218,3347,4227,182,5599,7749,984,1224,3313,6358,3546,2815,306,2719,706,4774,1217,4206
3619,1198,3528,3515,999,5888,6686,5551,9508,8390,12015,3320,3457,4047,4727,843,4981,0,7468,7744,1387,8527,1025,10267,2536,3092,5064,9119,10469,4463,2554,7554,11334,6417,3202,9340,3369,190,4258,6181,5984,5144,10777,3522,3532,6609,6172,10403,5808,180,1687,2800,1619,4803,11083,8155,3084,6938,5918,5338,2188,11511,3132,7251,3259,7637,7175,3902,2726,4576,2899,8554,6919,186,7822,8208,4010,3931,10677,12147,9510,6120,4454,2936,1726,4469,3550,10755,11435,11246,5108,1088,8442,5625,9303,2940,9362,5253,4587,1697,855,2233,391,11935,5088,10724,6782,325,6850,10,9597,7954,2843,1607,3678,8604,1268,2475,4053,1713,7236,9985,7639,2977,10103,11449,1583,1410,406,6781,9105,3542,202,9165,279,7028,5486,1485,12048,11333,7517,1153,1102,2623,2802,7409,2504,8383,9674,9223,8620,8232,1813,11233,7931,2220,6729,2046,3436,7537
9526,4996,654,8598,8829,8867,275,261,3106,1141,4863,7072,3057,8034,869,542,7498,7468,0,1672,6843,2790,5162,1298,7045,2835,7434,2980,6327,7339,4660,10044,11535,2493,9106,8640,6706,7969,6245,2069,11380,5090,7162,10904,6566,150,2127,2341,11855,2619,6419,3711,3230,8687,7817,7696,1717,6446,3141,41,2394,2522,11515,9002,4546,12099,5201,4139,3003,1775,1498,1923,7394,12319,417,3600,9746,420,1739,10352,9089,5317,4929,10868,4689,10899,12128,3764,7324,8159,12120,12322,12684,7850,12306,3700,3649,3114,11976,6177,5267,6310,6804,4748,1601,4507,6080,9346,5047,782,3657,11554,5626,10517,11627,10997,9636,2212,3771,4788,6066,4249,6452,7201,4901,6620,2391,7908,3023,4695,10942,10773,3474,5250,6059,11685,9414,5234,6026,5409,2125,4317,10911,2512,470,8391,7508,10708,6917,2050,824,7023,12097,5416,5086,8601,2636,9732,7189,3010
4760,678,6268,7671,8048,3944,4618,5902,2008,785,6748,1975,5217,8718,3880,5986,5596,7744,1672,0,8902,1046,2714,6627,4240,3650,236,4396,6945,3216,7129,11810,4300,7965,4552,5341,4259,6664,4008,3016,11125,6632,592,9242,4649,3810,6194,1383,6382,882,5944,8906,684,6185,2254,12024,8676,326,7099,3187,4976,9160,10331,5925,3530,8325,4085,6047,8367,3664,11109,3921,3264,7973,5363,5294,2956,292,3203,4226,8730,6996,1866,2878,1479,9533,10839,9077,7660,4680,7393,12027,12180,8583,6416,9482,512,7457,4637,8937,4349,3133,7604,5813,1103,5947,8780,5598,6892,1234,8274,3090,5542,4605,5074,6031,6158,11932,6488,10327,8173,4363,6015,5459,2816,2443,7579,3637,731,1218,2866,4290,2849,9048,11909,10123,1367,10536,11035,8647,2309,1340,8971,550,6784,4005,6162,12217,1806,1748,7110,4671,9000,4420,2696,3078,7975,4804,9110,216
10583,10955,4799,2291,5901,328,2459,2775,7163,1405,10090,3647,3435,7317,3101,6035,581,1387,6843,8902,0,9543,2434,9175,1482,2191,9819,4942,3247,1201,2350,8913,10294,3599,59,7120,5439,1032,5904,9245,10568,844,9997,4820,6239,5737,2598,10897,1175,2014,5380,7114,3104,6372,10083,3915,5833,9523,9619,6146,302,6033,11397,6437,1219,11341,5249,5336,2033,1725,1181,2099,11872,196,5342,11101,9707,7007,5181,11236,11930,6269,11907,874,5192,1815,3164,8118,11987,8467,3489,1308,5793,11661,10313,1056,6054,8384,5992,3592,8261,6477,424,12376,1445,5014,8938,569,1260,1551,12286,6640,3970,5269,10785,4224,7350,1435,4185,1104,6619,7010,5271,7861,8055,11545,9131,3336,562,3292,4638,8003,1860,4241,717,1829,6072,524,6418,2883,1080,10727,1127,3231,4308,7050,11374,5044,9750,5930,3408,8315,3473,7699,10063,6747,9651,9463,7531,6601
6800,3295,10449,9081,6028,6324,1644,8956,2664,6449,10303,8498,2264,7503,1742,8783,7064,8527,2790,1046,9543,0,4931,4658,4435,1137,5967,7453,3001,7919,9811,12597,11653,12055,6030,6694,211,9125,6465,4995,11612,4877,3903,6833,5574,4044,8101,5584,5330,4585,9377,10325,7379,5193,10394,12302,10444,4070,8673,8656,4267,5919,12398,5645,4683,9992,2580,1187,7166,871,10143,2720,5667,9621,1015,1627,8682,370,5637,11997,10675,5222,7230,5334,8823,6139,4477,11890,10134,2777,7737,8948,12448,8677,6273,12159,2525,2090,4916,10173,4688,9232,8304,11825,5621,2812,3893,8099,11639,3433,10871,12317,11006,4080,9938,8269,9955,8096,3805,7033,9050,5890,1177,9276,3537,10071,7644,8605,6680,5148,9910,5340,1830,9557,8587,8846,11806,9887,11191,9556,3441,6323,11054,6606,10813,4665,6613,12555,6733,8138,10188,5476,3925,10882,4907,8662,9810,10262,7076,1981
9206,8893,111,1348,723,7024,1962,623,11058,3620,11510,3781,2257,9205,5033,3718,8400,1025,5162,2714,2434,4931,0,7569,2170,1431,6125,5127,5690,628,4472,12065,6563,8045,4359,9989,486,10373,5536,264,2801,7306,8043,9547,1949,10574,2617,11237,2435,759,3134,2421,2738,4026,12256,8144,2919,3194,8859,3113,3914,4288,10748,10964,5034,7241,5699,6392,6595,4989,1299,268,1236,4397,634,6756,11296,459,6824,12511,2654,8847,461,372,3583,3792,5519,2535,11038,8611,8044,8778,3775,7648,10369,4670,2137,4915,1926,9474,4042,4569,4460,8453,442,5247,5664,5254,4776,176,8221,4036,1216,931,10226,5387,6217,3274,1455,2910,9524,7867,8965,4162,1790,11371,29,1309,1623,4775,3419,670,1523,5286,7019,2545,10416,10147,10133,9865,9965,98,3627,4633,2992,8571,9124,6734,10869,4089,11306,1996,8756,11791,4126,3425,7485,1533,9848,1916
7649,11829,2909,8337,12115,7167,305,1648,11524,4095,5848,8480,8577,11858,1112,878,3864,10267,1298,6627,9175,4658,7569,0,7466,12064,11195,228,9805,6546,7501,8685,11175,6357,6717,8534,3154,7894,11911,3995,3962,185,11130,6845,8742,8944,10622,8797,7520,5149,3841,4524,4956,8178,8862,12598,9329,2359,2700,1473,1347,4883,11670,9788,8764,2482,6018,3937,6955,6191,6282,2592,9664,12433,1414,6828,9527,3096,3817,9798,4203,885,10066,11899,9650,9691,11574,11241,1663,3899,11475,10478,11651,11170,12126,4338,4823,1329,11998,10698,5883,5749,10033,9679,2757,5937,11430,10080,6789,7571,11571,11379,12151,10410,12703,2729,11138,5203,2513,8983,9541,3238,895,9311,9152,2079,5401,6916,4488,6134,3605,8139,4882,9907,4933,3852,12329,10249,5886,9616,3606,5730,8680,9898,5772,10796,8639,12298,5273,10038,3149,5388,12399,11898,6829,11103,4722,11889,5350,7288
6820,4048,4487,6585,6130,1079,1914,652,2978,4456,11555,1779,8900,1849,4081,4064,4098,2536,7045,4240,1482,4435,2170,7466,0,3026,5508,2335,7358,2669,521,3093,11118,3865,1354,7948,3402,2887,6534,3791,4874,5693,433,1837,7626,7051,11331,8634,8857,2855,9274,1441,3350,11944,6394,12502,3682,3325,10017,6475,3130,6656,12227,387,10608,9668,4538,1745,132,10493,10450,4572,11097,4964,6359,10806,2665,7262,9249,2601,9629,4158,4817,2058,8635,9252,1424,8616,8233,9431,9169,10577,6103,12686,2184,2490,7869,4870,3731,7556,2187,4217,6560,11472,6531,9395,6988,4547,2881,1784,9744,9336,8863,4084,8317,6816,1024,9053,2959,4539,8889,7643,988,2234,8313,10497,5257,2057,54,762,5046,3006,6949,1756,1152,5417,6799,1319,10061,6390,4992,7854,837,9299,7264,10187,9574,12360,2853,7922,2206,3809,5518,2533,5097,4697,9801,2915,11631,2564
10114,2886,5283,6034,380,1836,6624,9701,1573,5391,9558,8121,3342,3506,6910,8982,4798,3092,2835,3650,2191,1137,1431,12064,3026,0,2520,9894,208,2809,7657,11897,10905,4114,8113,7378,3370,7762,873,7645,10334,11206,1993,10399,2485,3470,6791,5538,2974,1563,7909,3696,4718,4887,12485,7139,3373,7314,10563,11080,7583,5633,11539,11146,4306,10682,7355,92,3155,809,3888,1269,7937,2389,2889,8093,8426,401,6894,12460,12571,6094,8133,2052,6473,2609,5143,9830,12424,2760,11487,9006,10903,8717,6468,6767,3098,3195,748,10299,9957,9549,4693,10492,9566,565,1614,3917,11283,960,12050,4464,4385,2556,5453,12033,3870,5132,2688,7594,10059,6976,7004,9999,1903,11254,7366,4344,6720,1185,5292,10798,3351,986,8078,10314,6043,6883,11068,2723,4017,6677,9141,2612,10446,1490,5636,4926,11659,5707,10732,9043,5017,7852,4190,3250,8161,6171,10770,687
2828,958,11977,4884,3079,2577,11732,12070,7456,7364,7025,3263,10550,9825,10555,5094,8205,5064,7434,236,9819,5967,6125,11195,5508,2520,0,11762,8300,1398,9229,11052,2635,5479,8441,5031,8023,1733,741,4447,10633,10261,4758,9559,8385,7034,6905,5965,10310,496,3256,7691,2,9847,6902,11913,6879,2676,6240,11839,6306,6801,12458,11324,9553,10502,7603,5187,9190,3420,12343,10825,5223,4335,11984,6587,295,2296,7613,9787,8947,7018,6823,2037,5864,11070,5978,11607,8397,8517,6398,9897,12456,5659,1003,6329,6067,10873,2928,6344,6207,1430,8171,12578,11321,9045,7022,2585,11388,3012,10503,3199,9582,4814,4078,9411,3081,11205,3142,9004,8585,5160,12347,7277,860,2690,7958,4302,1927,4654,3834,2040,4648,9166,12419,10845,1051,7100,11903,2151,7253,2486,6115,3774,11757,4769,416,8821,8617,2246,9096,5122,11179,7731,10575,2026,6255,2371,6459,1516
2975,6975,503,5991,11349,436,238,602,5183,471,9472,2357,7761,4812,349,233,816,9119,2980,4396,4942,7453,5127,228,2335,9894,11762,0,3636,2629,1969,7391,12599,642,4475,867,2648,8734,7871,2060,2242,244,4303,2400,7309,1028,7310,2872,4911,7382,6469,4450,10620,2454,8615,12238,3767,5025,1978,608,4235,3481,7552,5688,3818,3172,8785,1199,2061,9486,2983,933,10606,7705,5302,6173,9886,8633,2813,4398,8720,1910,8026,7676,1336,4062,7303,5429,121,4676,10680,11876,4266,10601,9319,469,1761,3895,6184,9326,3477,2879,2030,632,2104,1140,8120,6591,1591,4021,8699,9519,5284,2762,10735,1084,9429,2132,1404,11417,11646,721,79,5563,7247,6406,8738,350,4087,928,1134,7412,10518,866,2318,6931,9136,10792,1058,8351,1353,4523,5656,9370,1366,4947,8855,12269,3609,3722,1116,4184,9534,7425,1246,4607,8299,9470,9426,3924
10717,10671,7269,4770,7866,795,2631,9663,5131,3056,2280,8018,10344,3761,4415,7499,6118,10469,6327,6945,3247,3001,5690,9805,7358,208,8300,3636,0,4494,11028,12581,12386,6715,4530,4513,6214,11833,10475,6881,11939,8854,4960,7792,4967,6421,6573,2703,3174,9565,8040,4730,10300,1178,12587,8686,10452,7401,9357,7610,5575,4329,9622,10483,4392,9477,10804,40,9135,4598,10419,3269,11835,7832,5908,9436,12216,942,1678,12500,12503,6837,12367,1090,4262,88,7081,8223,11072,3045,11862,10571,7464,8663,1946,2402,9244,2900,3710,12296,11367,9161,6941,10096,6957,6,492,7877,9942,10301,12665,9387,10525,3626,8294,9216,11368,936,335,8896,7346,11229,3913,11135,6618,9500,11131,3189,8741,39,5154,11090,8218,2523,10910,3304,11611,9147,10426,4522,622,7172,11209,6242,10224,2145,6099,9296,12397,5716,11456,11412,1616,12187,7444,3372,10219,8047,12527,576
4316,8516,3580,14,4690,161,3083,5840,6106,1016,6360,738,920,8399,4783,5316,934,4463,7339,3216,1201,7919,628,6546,2669,2809,1398,2629,4494,0,899,6876,3158,1444,2115,454,477,4112,443,2708,757,5456,7836,9367,3358,5849,1901,6738,4705,1811,1229,3977,722,3184,10947,10272,100,3289,9271,10628,3331,1681,11512,8405,3738,8589,8984,3290,1243,1677,1267,2840,3363,749,6897,9959,6136,7263,2764,8022,4617,2576,1296,964,465,1351,1708,9078,7231,3213,771,4147,7397,9434,8032,1063,3047,5768,30,3308,9678,4391,2195,11438,3360,4596,6100,2251,6840,358,11923,1033,3570,5,6234,2875,606,4675,2430,1477,9593,1407,7946,5933,266,7266,6466,956,2451,3299,1119,170,2511,2066,4834,8623,2387,8549,1333,1195,1318,2426,630,2814,2093,918,1556,5803,4069,168,6708,6206,10111,3929,5204,3276,2117,3252,6204,968
2384,4309,2868,5197,3734,1561,730,87,5295,1023,11887,7502,4299,5530,4384,1530,561,2554,4660,7129,2350,9811,4472,7501,521,7657,9229,1969,11028,899,0,1783,11078,1005,1264,4265,2221,3669,3509,922,269,5627,8559,10535,6684,2803,7119,9250,10600,1442,2182,4416,4810,11117,529,12154,3395,4903,8035,5547,10694,10943,10902,7716,4940,12117,10144,4927,389,7432,1357,1168,5467,2156,6623,10481,6889,8085,8789,1668,9896,761,1693,10128,3088,10012,3628,7048,8024,9028,4163,6993,5114,11768,10180,1392,7967,5346,5988,6338,2375,8978,3797,9673,3884,10580,8084,5010,5526,374,9652,11265,3124,2581,8993,11153,7284,3634,1675,2698,7826,6289,5635,1310,7117,9940,5708,894,1818,5469,4194,3618,6741,7014,668,11049,4615,8761,7148,7367,959,9747,2164,9032,1750,7522,9390,9372,8,408,784,4091,9611,35,5280,2621,3749,1447,11629,4352
7785,3866,10834,9451,10864,7746,5057,7882,12453,10322,9049,11328,12364,10284,10551,7504,4434,7554,10044,11810,8913,12597,12065,8685,3093,11897,11052,7391,12581,6876,1783,0,11617,5015,3594,11559,11340,2256,5293,12130,7848,10315,9704,11012,4533,9849,12685,12692,12002,1045,10626,3651,6726,12591,11827,12541,8543,10207,3976,11828,11247,10156,12411,9890,12510,11641,9158,8771,5774,12011,9908,12112,12656,8920,12426,11686,10253,12303,12519,975,10799,2255,12569,12468,10605,12531,7748,12604,11470,11322,8931,9587,8336,12514,11919,1343,6551,12135,10780,9225,6659,10840,9179,12313,10007,12567,12688,745,1930,3245,12619,12218,10549,10136,6718,12605,5465,11152,10323,10809,6429,10744,7573,10181,9933,11141,12137,3343,5673,11445,3868,11398,10401,7770,1532,12328,5118,5790,11719,10308,8170,12157,3912,9875,6528,11877,12444,7440,7547,9646,1135,10166,12251,1297,4993,10205,3932,11731,10595,6494
8619,12258,11959,9095,3964,12254,11687,12229,12184,8140,1169,5958,8263,12707,9630,11820,4031,11334,11535,4300,10294,11653,6563,11175,11118,10905,2635,12599,12386,3158,11078,11617,0,11518,3752,12205,6348,6599,5314,8876,11794,11968,8413,11595,1587,12470,10371,12289,9251,4432,1493,9033,43,11168,11981,7254,11227,1878,7700,12508,10523,11330,11929,11444,9977,10504,2424,10514,12579,3140,11268,7591,1438,11921,7416,10979,4140,5274,9446,12635,6151,4652,9185,4785,11700,11873,7979,11032,11967,3152,5490,7150,11400,9602,12179,11376,9339,10856,11182,7764,12049,9729,12185,12643,6144,11260,10236,5555,7345,7563,11496,4755,12480,11655,12356,9913,8072,12669,7800,6862,2346,9835,12565,11788,2056,2193,10880,10928,5243,10937,8201,6424,5056,10109,12632,11585,4526,12047,10089,8438,9055,9708,7219,3110,10099,5400,8969,6650,9618,3910,12629,9903,12270,11489,4152,11212,1603,2902,6005,6215
1803,6190,1271,9892,9187,879,9076,5113,2051,359,6972,4650,9003,6928,7001,201,484,6417,2493,7965,3599,12055,8045,6357,3865,4114,5479,642,6715,1444,1005,5015,11518,0,8912,6959,8958,3105,1974,5333,4501,4853,6646,9785,8731,357,3380,7953,11093,7217,967,6294,1480,10623,5906,11884,225,8365,2294,7971,8963,1459,11119,10712,8934,9441,10578,1213,493,9073,1098,1729,8255,5471,7763,9063,2097,9657,6846,7392,12523,1263,9489,10639,5408,6480,5923,3385,954,3544,12253,12102,10624,9091,11264,23,6079,8497,7910,3645,9029,6309,4536,8879,7642,5035,7755,3883,6667,1823,6319,3495,8483,9129,11778,7265,4616,2508,1673,9987,11754,1749,10425,1855,8573,4315,9137,1275,6721,4086,1374,10364,11550,955,6997,11401,2532,7827,2645,5820,5322,7912,9231,5349,1774,4380,1952,6111,8436,1600,776,7138,11738,4608,5233,747,4277,7795,8533,4865
5157,7433,10423,926,3728,1746,1131,3748,8059,319,3588,3923,3890,4685,923,7182,508,3202,9106,4552,59,6030,4359,6717,1354,8113,8441,4475,4530,2115,1264,3594,3752,8912,0,7663,4476,698,6662,8343,9290,2415,6305,906,2517,9047,5121,10384,777,850,4119,8940,2926,4707,5460,7955,9961,3971,4741,6731,575,10082,8536,1741,3511,5091,174,5260,4356,3348,6822,4322,8537,1050,8382,4055,8806,3416,3507,7140,6138,664,11961,332,2683,5463,549,10240,10480,5093,804,709,2445,9321,4067,1637,5954,4837,6670,7087,1287,3828,2302,11454,159,7061,6911,235,80,2018,12476,8146,9361,5186,4215,4900,9264,5414,1798,482,153,9443,1941,9302,6399,7429,10995,2865,488,2913,3941,1683,2823,6966,1658,339,3215,5345,10129,8067,676,10058,851,534,3339,3801,11256,5863,3566,3947,4971,5475,674,6912,3148,7476,8056,3565,9062,1165
3108,4499,10318,2667,8001,167,3531,10280,3190,5498,10932,603,9159,3786,365,3933,1302,9340,8640,5341,7120,6694,9989,8534,7948,7378,5031,867,4513,454,4265,11559,12205,6959,7663,0,690,5850,1360,4881,5961,2042,6951,4661,8874,1588,9337,650,9026,5671,9585,6596,9879,1352,10594,9046,6868,4323,5868,10391,8819,8515,9709,7495,533,11096,11667,1562,8473,794,9111,6145,11694,2692,11848,8125,6867,10292,1569,8495,6074,5048,6809,2984,250,6611,3224,11690,1676,5142,1381,4603,9017,6711,3455,3955,6576,8696,1699,9355,7400,1029,1509,10473,10994,1638,6188,6179,8301,5378,11705,10030,6518,105,2597,7684,10495,7419,4059,9128,11807,458,2301,11568,1095,6961,11937,1908,6937,1899,6052,4439,5214,1061,9364,11823,2379,9653,449,82,293,6578,1426,11196,9799,114,3564,12441,3533,204,4491,5129,7692,4449,7128,4459,4928,5784,7863,3763
1792,6567,2694,4786,2377,4264,645,4000,4148,4764,8804,2149,1233,7934,281,4714,1043,3369,6706,4259,5439,211,486,3154,3402,3370,8023,2648,6214,477,2221,11340,6348,8958,4476,690,0,6401,1893,961,2897,1883,7160,6760,883,5242,8119,8910,4130,3510,1659,2198,4717,1327,10611,6794,5030,631,3655,8813,8030,3129,7410,2859,1255,8798,6885,633,8181,364,2089,140,1814,4662,149,4527,5397,3097,4232,10960,2810,1846,489,3121,3122,1253,661,6690,5068,342,520,1270,4216,4842,8197,8939,1781,1980,647,5173,5780,7258,4103,11026,2263,2131,3777,4744,7286,605,6597,9815,6232,141,9369,3440,6364,4269,2293,2062,9969,1892,1345,4122,802,5834,1337,915,4436,6244,3780,1936,110,2622,4540,8768,8104,7528,579,4161,2376,1467,2480,9069,4337,640,3153,11112,3398,805,9117,1957,3337,7558,1635,2002,714,2856,3198,2142
3234,1292,11702,3942,5070,3757,9595,10973,4948,4532,9320,973,4750,7638,2240,3502,966,190,7969,6664,1032,9125,10373,7894,2887,7762,1733,8734,11833,4112,3669,2256,6599,3105,698,5850,6401,0,445,11682,8990,856,10043,312,8202,3885,6443,10886,5202,570,2736,9490,246,8148,4873,9316,4045,3671,1369,11184,742,9883,6838,2539,6149,6019,1722,3443,3993,2431,7913,10010,10189,511,11433,5139,17,8494,4646,6057,7994,355,11351,3939,2861,11132,769,12543,5681,6815,1156,548,11267,7435,6509,2277,6287,7815,7026,368,2953,1013,3207,12354,7362,9380,9118,32,3275,568,9751,8544,9170,8372,4885,4667,2862,8428,4620,1632,3712,1421,5576,6174,8344,2147,11565,2567,188,9983,5404,4713,943,5800,2505,9425,128,598,8106,4370,5331,10938,112,2196,6062,3496,2382,5622,5450,6161,1961,2991,4678,5728,7206,7723,7600,7985,435,8381
2158,278,10283,2339,386,2780,9277,11637,4545,4969,10289,2650,1294,9904,5190,6579,1274,4258,6245,4008,5904,6465,5536,11911,6534,873,741,7871,10475,443,3509,5293,5314,1974,6662,1360,1893,445,0,7536,6071,7793,6101,6813,2841,566,3603,9901,4715,557,4115,8394,1879,3554,11551,5585,530,7060,1574,12305,9207,3972,10711,10455,4973,10245,4471,2365,6279,993,2390,5062,3484,571,10247,2579,1138,8877,6851,9213,8652,1453,6014,3577,2074,10360,680,11348,6628,4105,1373,5567,10467,2804,8007,5778,229,10151,315,1036,7287,5039,2222,8321,10087,3660,5721,179,6909,113,5931,7344,1026,1433,1244,8681,2073,8458,4014,8386,9401,22,9412,8451,15,6520,10596,812,5085,10883,2779,5082,5096,457,7666,12636,134,9103,2258,1237,6593,8923,1471,4043,5470,353,3120,1378,6476,354,6903,2180,10751,1108,1126,5788,4191,5993,833,4433
1544,7989,554,7021,1772,5934,584,138,11258,5718,9692,5811,7399,11288,5151,44,5427,6181,2069,3016,9245,4995,264,3995,3791,7645,4447,2060,6881,2708,922,12130,8876,5333,8343,4881,961,11682,7536,0,2449,5938,6482,10644,3324,3055,2693,4012,10761,3409,656,832,2924,6096,7322,9628,7052,4720,4019,322,9795,5582,11420,11830,2682,11942,10408,5236,8364,6153,4806,898,600,10191,1491,7567,9592,2159,8657,12133,4946,8091,234,5639,7095,6283,8216,171,3604,10794,8688,11490,6127,5974,8462,4778,7680,6345,8629,6530,2642,4923,3784,7068,4768,5492,1744,9295,8122,3426,962,11812,2446,2501,11790,5715,9240,1465,64,9084,8182,6409,10122,1197,980,9272,68,1517,2498,2515,7338,1937,7640,7876,8238,9769,12100,11121,6752,7879,2893,371,8213,11488,2847,9728,4843,11347,2553,519,9363,3935,11618,7981,5483,1905,2063,164,9108,6012
8660,10572,3444,2323,5023,6003,4109,4738,12285,9090,12658,8389,7090,11924,9120,4252,3504,5984,11380,11125,10568,11612,2801,3962,4874,10334,10633,2242,11939,757,269,7848,11794,4501,9290,5961,2897,8990,6071,2449,0,6614,11666,10204,8844,11605,10857,11484,6676,3335,4376,5821,9133,10072,11480,12708,5228,3163,11067,11543,11725,12213,11280,12616,9218,5146,12119,4198,4328,10353,3887,2752,5949,5454,10022,12134,9639,9094,9267,10797,5687,707,1764,11057,5491,11406,6535,12590,6404,9551,9265,8445,3415,12242,11978,3694,8790,3798,4274,11784,8749,8102,10413,8490,10870,8245,9873,9323,12118,4394,12421,11092,6438,1688,12211,10343,8289,8989,727,9906,11786,3041,5559,7049,7213,10175,9405,1948,6864,8609,1581,2001,9891,8329,5668,11404,10986,12663,10696,10142,8068,9699,1320,12345,9856,9615,8224,9733,1241,6758,10409,2674,12474,7777,4999,10593,9681,5898,11531,10023
6489,8172,3513,7721,11642,3157,963,4244,8754,4544,11047,780,8520,10843,340,553,476,5144,5090,6632,844,4877,7306,185,5693,11206,10261,244,8854,5456,5627,10315,11968,4853,2415,2042,1883,856,7793,5938,6614,0,10274,1068,7726,2250,4611,9934,4027,4374,6183,9759,4481,6777,6170,10811,10139,2441,1507,2679,994,4534,10386,7105,425,8021,6644,4836,8117,1820,4484,2163,12108,3871,5009,7152,5268,7411,1710,9016,5352,3193,11128,6836,4136,6810,3191,11572,381,6422,2118,1598,6735,7565,11556,1409,2941,9842,11234,3059,5177,927,2663,11671,1679,3429,11462,1230,2721,5362,7125,12164,7521,7695,12043,740,11772,3243,1979,5823,7488,543,772,3210,9758,5534,10730,2786,1419,6307,2791,4351,1769,7796,4625,4263,8506,2834,3251,4508,1719,8925,1317,10380,5928,8207,8407,11532,5255,5326,559,440,5305,9972,7157,8248,8739,12085,726,10223
4390,1785,7126,12215,6020,5054,7032,9456,1520,6536,6795,1794,11928,3052,3614,6410,1656,10777,7162,592,9997,3903,8043,11130,433,1993,4758,4303,4960,7836,8559,9704,8413,6646,6305,6951,7160,10043,6101,6482,11666,10274,0,5176,1408,3816,12282,1924,10741,5666,11782,4813,5619,11679,11219,11965,9978,3293,8309,9196,10921,9840,12189,4307,5852,9273,2637,1457,5277,6648,11881,5115,11084,10420,8659,8991,5434,4938,10356,10533,12006,8090,9093,3485,10101,10183,4319,8631,6013,3613,12094,12177,8782,11902,6933,6498,6590,10209,9672,11286,5298,3082,7389,9774,9087,6714,8322,5287,4013,6203,9168,6522,11815,7970,5018,11837,5663,12592,6797,12226,7789,8392,2857,9970,5957,10365,12042,8919,5602,27,7838,8853,11193,800,11418,10906,3889,10346,11081,7218,3271,6742,9680,5556,10888,3221,10377,12662,6869,6303,8265,8341,5105,6313,145,4704,6555,3789,11159,619
6300,6698,11692,4388,6755,6040,7431,10944,6612,6508,10417,194,8378,4673,131,3674,3648,3522,10904,9242,4820,6833,9547,6845,1837,10399,9559,2400,7792,9367,10535,11012,11595,9785,906,4661,6760,312,6813,10644,10204,1068,5176,0,9755,7423,8695,5577,2788,7574,9562,9522,8661,2955,11900,10540,8575,4912,2423,8548,336,11318,4153,863,6621,688,629,1235,7276,7586,11842,9870,11504,5872,11723,3417,1966,8962,2103,12066,5099,1531,12125,258,3848,10418,544,12371,1519,8377,7837,5344,8031,10201,2110,3969,10586,3617,9403,6705,1793,94,4844,8866,8743,3000,2388,2286,1660,7246,10197,11509,11891,8679,6762,1086,8610,9525,1496,6583,4854,2649,288,11359,9915,5437,12279,4694,693,3830,10270,4033,7911,1401,5246,4417,6024,6907,8332,8508,7165,10530,318,7742,8842,3357,5939,12300,10172,10771,9449,3799,1734,12439,3034,11600,12122,6222,4597,9671
3497,3831,1612,8123,1065,9756,1121,7831,11560,9344,939,5120,6691,11266,4568,4424,490,3532,6566,4649,6239,5574,1949,8742,7626,2485,8385,7309,4967,3358,6684,4533,1587,8731,2517,8874,883,8202,2841,3324,8844,7726,1408,9755,0,5208,9770,10872,4301,881,2410,513,2662,3833,12639,1460,9389,3089,1596,6793,10801,6723,5364,10402,790,9734,4478,1816,11382,1196,2487,3018,5640,6046,1192,8602,10613,2374,10725,12351,8408,4983,7641,5136,6642,1242,3103,6674,10691,2317,3139,1868,868,2351,11964,4555,2085,9418,6817,3882,8132,8707,2611,9427,1629,4169,7555,116,2300,1510,8312,9941,4111,2144,4166,10953,4137,7445,2767,8452,426,9741,5746,5755,1450,10137,7053,2324,5698,3475,4082,7804,1427,3965,5689,10728,7756,7976,8758,9019,1313,2433,6347,3008,2354,2877,8644,3521,9060,2680,11424,9070,2586,7998,7,3538,75,3716,2481,2015
1136,514,3690,10588,8305,2842,3031,5513,827,2358,8612,2860,4096,6832,1649,157,891,6609,150,3810,5737,4044,10574,8944,7051,3470,7034,1028,6421,5849,2803,9849,12470,357,9047,1588,5242,3885,566,3055,11605,2250,3816,7423,5208,0,945,1700,11761,6577,5502,8531,5817,6007,7491,7255,1284,10718,978,2075,7885,2214,10650,7901,787,12513,8566,2268,2528,2364,1579,4641,9025,6056,5979,3815,5058,9157,6088,9576,12392,6209,8012,9937,2670,6617,5777,4051,1470,8174,8753,11423,12380,3847,11520,2697,3309,10548,9535,323,5570,5369,430,6275,6834,3468,4594,2287,5825,909,523,12267,2527,5824,6368,8115,7063,1890,3549,10345,9376,719,6550,2824,4186,9974,10376,3241,5985,5366,10379,10350,8898,2123,4503,12650,5133,5215,1709,5376,793,7824,10039,5874,577,2811,3085,11338,5325,464,796,7916,8433,2045,2677,3312,3956,9596,1873,7340
8852,10653,5218,1423,7337,8015,7170,7106,8437,754,10155,3354,260,12249,5941,2271,6681,6172,2127,6194,2598,8101,2617,10622,11331,6791,6905,7310,6573,1901,7119,12685,10371,3380,5121,9337,8119,6443,3603,2693,10857,4611,12282,8695,9770,945,0,7670,8196,8510,1277,12365,3044,3344,10826,8046,1001,11126,7408,3854,1712,4373,11362,12129,2224,12096,7662,9555,6529,3732,1008,4640,1666,5564,6265,5461,10098,5565,1550,12680,10784,8285,7054,2632,1511,5503,7168,5858,7781,11447,7711,10909,12540,3779,12291,4180,8306,9360,9313,848,9996,6266,3353,9836,1695,4116,1703,5263,9279,1838,4749,11471,3379,7035,11746,2119,10174,822,940,2640,6978,3610,12277,4754,5259,10720,8802,6331,4474,10428,11405,2347,8168,9827,10078,11314,10321,11343,7677,10627,6148,7611,8890,2238,399,7012,2831,6064,10916,1097,10500,7798,10729,11949,9478,9859,11220,8471,4773,10341
6296,8063,9567,8706,9071,2735,6448,9404,1096,3729,8903,2575,7615,4589,1048,2874,4898,10403,2341,1383,10897,5584,11237,8797,8634,5538,5965,2872,2703,6738,9250,12692,12289,7953,10384,650,8910,10886,9901,4012,11484,9934,1924,5577,10872,1700,7670,0,11395,9722,9309,7599,9633,3022,10357,11672,7413,7463,11002,3390,6195,12346,8830,8791,1439,10004,10069,1554,5229,3445,11342,8354,8637,11507,10573,9885,7903,4350,2541,12482,12200,8353,5896,5189,2455,8561,11972,10000,5980,8487,12412,12452,12668,11041,7304,8974,12026,1998,10271,11346,7842,2247,4498,5539,11469,2582,877,12044,11541,8375,11499,8376,11557,5288,9603,9542,9177,10859,4621,11742,11436,5976,4342,12362,7239,7986,11878,10537,6256,26,12301,10276,10679,4366,11069,12060,8837,12197,8210,5960,282,5966,10887,6286,9284,1041,2583,12715,4751,4860,11030,12314,10516,11018,6979,9243,9332,2987,11601,5164
10893,10562,10721,1331,2134,2399,5731,11356,12013,5440,11140,9645,2059,12105,6036,11327,2370,5808,11855,6382,1175,5330,2435,7520,8857,2974,10310,4911,3174,4705,10600,12002,9251,11093,777,9026,4130,5202,4715,10761,6676,4027,10741,2788,4301,11761,8196,11395,0,1617,5158,10029,9325,126,12596,10060,11596,6460,8303,11463,2461,11648,6625,12082,4250,434,3699,1972,11181,4270,6668,2546,7627,835,7550,7927,10918,2988,6142,12493,11419,1684,12311,1180,5893,3376,6339,12553,12173,3945,6247,3717,2671,9614,7889,9905,666,2530,1087,11373,9736,9539,4635,5649,5692,314,6388,1597,8345,5989,12696,6899,4461,4261,10742,2020,9784,7132,1920,11221,9064,3284,1542,12246,3362,8335,11697,1476,4287,6984,432,9921,5003,6373,6006,3451,9843,12208,11167,10193,5359,11106,3625,5063,11431,4164,11613,2655,10683,11413,12533,7633,7294,12232,3465,11525,12353,10722,7964,7330
