0,20,19,27,51,41,5,25,17,22,31,54
20,0,56,10,47,43,29,8,48,11,40,57
19,56,0,14,65,59,49,60,37,28,63,64
27,10,14,0,53,55,21,16,6,3,39,46
51,47,65,53,0,50,33,12,61,34,35,42
41,43,59,55,50,0,23,38,62,32,36,24
5,29,49,21,33,23,0,1,7,0,18,15
25,8,60,16,12,38,1,0,13,2,9,26
17,48,37,6,61,62,7,13,0,4,58,52
22,11,28,3,34,32,0,2,4,0,45,30
31,40,63,39,35,36,18,9,58,45,0,44
54,57,64,46,42,24,15,26,52,30,44,0
